0 -0.79 -1.21 -0.63 -0.73 -1.09 -0.82 -0.35
0.02 1.06 0.5 0.4 0.99 0.71 0.92 1.63
-0.59 -0.42 -0.98 -1.57 -1.04 -0.38 1.02 0.27
-1.01 -0.61 -0.26 -0.94 -0.78 -1.47 -1.3 -1.49
0.51 0.71 -1.44 -1.52 -1.29 -2 -2.37 -1.53
-0.41 -1.27 -1.49 -1.97 -1.37 -1.19 -1.23 -0.7
1.22 0.96 3.57 2.32 2.14 3.28 3.11 2.97
-0.1 -0.39 -0.63 -1.09 -0.63 -0.98 -0.84 -1.12
-0.96 -0.78 -1.1 -1.58 -1.81 -1.49 -1.07 0.92
0.64 1.7 0.35 0.83 1.07 2.07 2.4 2.66
0.38 0.83 2.76 1.72 1.66 1.74 1.97 1.76
0.76 0.02 0.88 0.2 0.41 -0.16 0.14 0.38
-0.25 -0.12 0 -0.7 -0.22 -0.06 -0.61 -0.86
-1.63 -1.39 -1.25 -1.7 -1.06 -0.25 0.38 0.8
-0.01 1.75 1.29 0.75 1.37 1.85 2.32 2.05
-0.83 0.02 -0.4 -0.69 -0.05 -0.46 -1.07 -1.09
0.04 -0.57 -0.62 -0.61 -0.97 -1.5 -1.21 -1.7
2.22 3.99 3.08 2.61 3.67 3.77 4.28 4.11
-0.89 -0.94 -0.48 -0.71 -0.04 0.95 1.13 1.76
0.03 -1.07 -0.59 -0.87 -0.57 -1.09 -0.88 -0.71
-0.78 -0.29 0.1 -0.71 -0.45 0.55 1.63 1.83
-0.6 -1.01 -0.72 -0.74 -0.5 -1.03 -0.08 0.31
-0.2 0.6 -0.37 -0.79 -0.37 -0.93 -1.45 0.31
1.23 0.56 -1.2 -1.5 -1.3 -2.96 -2.37 -2.65
-2.31 -1.9 -0.51 -1.03 -0.35 0.39 0.96 1.26
-0.85 -1.74 -2.59 -1.85 -1.67 -2.06 -1.97 -0.81
-1.39 0.06 -1.11 -1.13 -0.88 -1.11 -0.86 -0.58
0.59 -0.57 -0.62 -0.79 -0.73 -1.04 -0.98 -0.48
0.41 0.11 0.13 -0.35 -0.24 -0.51 -0.36 -1.02
0.8 1.24 0.59 0.36 0.77 0.06 -0.1 -0.62
-0.34 0.23 -0.78 -0.94 -0.51 -0.92 -1.06 -0.19
0.87 1.02 1.67 1.64 1.44 1.81 2.46 2.23
0.42 -0.86 -0.92 -1.95 -1.25 -1.17 -1.02 -1.1
1.09 1.24 0.98 1.09 1.63 1.5 1.86 2.25
-0.06 0.38 1.06 0.31 2.82 2.63 2.66 2.13
0.49 0.24 2.17 2.57 3.96 2.76 3.01 2.47
-0.46 -0.49 -0.09 -0.15 0.28 -0.62 -0.45 -0.17
-0.84 -0.02 -0.29 -0.37 -0.24 -0.02 -0.17 -0.07
0.2 0.6 0.55 -0.56 1.23 1.29 1.76 1.98
0.62 0.18 0.58 0.58 0.52 1.97 2.07 2.43
-0.96 -0.77 -1.22 -1.37 -1.6 -1.73 -1.34 -2.14
2.48 1.98 2.22 2.12 2.02 1.6 2.14 0.87
-0.21 0.84 -0.08 0.44 0.34 0.42 0.49 0.63
-0.59 0.01 1 0.22 0.83 0.86 0.4 1.78
0.81 -0.33 0 -0.92 -0.78 -1.14 -0.57 -0.52
0.65 0.76 1.37 1.66 1.68 2.41 2.82 2.94
0.61 0.31 -0.11 -0.7 -0.27 -0.13 -0.25 -0.6
-0.78 0.67 0.5 0.51 1.27 1.77 2.39 2.39
-0.09 -0.26 0.93 0.97 0.85 1.9 2.29 2.23
-0.08 0.68 0.69 0.22 0.61 0.16 0.13 0.59
0.47 0.23 0.35 1.27 1.31 1.62 2.44 2.62
-0.06 0.42 0.04 -0.89 -0.82 -0.97 -1.14 -0.42
-0.04 0.48 -0.48 -1.11 -0.01 -0.58 -0.05 0.91
-0.71 -0.26 -1.13 -1.24 -0.2 1.13 1.7 2.17
0.11 0.03 0.94 2.26 2.8 3.78 3.47 3.13
1.41 0.83 1.35 0.05 0.19 -0.47 -0.16 0.4
0.41 -0.44 0.86 0.08 0.18 -0.43 -0.27 0.07
-0.9 -0.43 0.39 0.81 0.53 2.1 2.09 2.24
-0.18 -0.65 0.03 -0.68 -0.12 -0.6 -0.01 0.13
-0.41 1.07 1.61 0.99 2.03 2.26 2.64 2.13
0.33 -1.05 -0.31 -0.65 -1.03 -0.29 -0.76 -0.74
0.28 0.42 0.47 -0.63 -0.51 -0.47 -0.73 0.22
-1.57 -1.53 -1.67 -1.45 -2.12 -1.13 -0.4 0.9
0.64 -0.01 0.89 0.11 -0.47 1.21 1.74 2.11
0.87 -0.44 -0.05 -0.55 0.14 0.43 0.39 0.92
1.37 1.08 1.02 0.52 0.79 -0.29 0.74 1.28
0.58 0.18 -0.62 0.45 0.88 0.55 1.5 2.13
-0.56 -0.14 -0.48 -2.39 -1.73 -2.42 -1.64 -1.04
-0.96 -1.45 -1.9 -1.96 -0.75 0.3 0.46 2.31
-1 -0.38 -0.13 -0.52 0.03 0.33 1.4 1.62
-0.28 -0.97 -1.23 -1.41 -1.09 -1.13 -1.23 -0.97
0.25 -0.43 -1.01 0.04 0.05 0.79 1.14 2.23
0.08 -0.57 -1.26 -0.89 -0.35 -0.51 -0.32 -0.6
-2.51 -3.2 -3.01 -2.47 -2.08 -2.21 -1.55 -0.73
-0.32 -1.89 -1.76 -1.14 -0.92 -1.24 -0.96 -0.36
1.12 0.39 1.22 -0.11 0.51 1.79 1.99 2.02
-0.38 -0.99 0.33 0.54 0.4 0.94 1.24 0.99
1.32 1.03 0.16 0.13 0.5 0.46 0.48 0.44
1.17 -0.4 -0.73 -0.72 -0.43 -0.34 0.5 2.16
0.64 0.37 1.04 -1.04 -0.6 -0.06 0.05 0.83
0.72 0.1 0.69 0.34 1.49 2.55 2.75 2.5
-0.62 -0.59 0.12 0.02 0.08 0.29 0.15 1.52
0.98 0.73 0.47 0.56 0.75 0.43 0.75 0.65
-0.53 -0.37 -0.57 -1.15 0.18 1.25 2.24 2.42
3.08 2.07 0.48 1.09 0.75 1.48 1.52 2.23
1.22 0.06 -0.67 -1.07 -0.32 0.11 0.68 1.7
0.14 -0.43 0.33 -0.84 0.43 0.91 0.83 1.49
-0.05 1.37 0.98 0.25 0.71 1.2 2.06 1.9
1.79 2.16 2.41 0.9 1.17 0.94 1.11 1.72
0.7 0.65 -0.88 -0.22 0.48 0.55 0.89 1.24
-0.85 0.14 -0.33 -0.89 -0.57 -0.35 -0.07 0.17
-1.3 -1.63 -0.95 -1.7 -1.12 -1.54 -1.31 -1.6
-0.92 -0.5 -1.05 -1.2 -1.11 -1.04 -1.33 -1.01
0.82 0.56 0.28 0.42 1.3 2.09 2.85 2.73
-0.69 -0.52 -1.22 -1.32 -0.55 -0.77 -0.4 -0.71
1.33 1.44 0.46 -0.34 -0.26 -0.98 -1.48 -1.32
0.31 -0.75 -0.67 -0.39 0.25 1.28 2.35 2.46
-2.07 -1.19 -1.21 -1.88 -0.88 0.96 1.76 0.99
-1.76 -1.66 -0.84 -0.92 -0.64 -0.25 0.49 1.11
-0.35 -0.99 -0.73 -0.67 -0.02 0.42 1.19 2.05
-0.63 -1.19 -0.84 0.09 -0.3 -0.21 -0.29 -0.53
-0.22 0.08 -0.74 -0.25 0.01 -0.07 0.25 0.3
1.53 0.6 -0.03 0.19 -0.27 0.25 0.53 0.97
0.18 0.54 -0.26 -0.64 -0.41 0.92 1.49 1.65
1.09 0.51 -0.39 -0.18 -0.19 0.06 0.32 1.68
0.39 0.96 0.83 0.5 0.5 0.64 0.88 0.64
0.5 0.47 -0.46 -0.53 -0.45 -0.49 -0.58 0.29
-0.47 0.2 0.7 -0.2 -0.06 0.37 0.26 1.03
-1.68 -2.11 -2.1 -2.66 -3.16 -3.89 -3.25 -3.11
0.73 0.04 -0.61 -0.99 -0.61 -0.88 -0.39 0.67
-0.59 -0.52 0.12 -0.21 -0.09 -0.6 -0.79 -0.86
2.48 2.02 2.08 1.56 1.83 2.6 2.66 2.29
-1.15 -0.47 -1.13 -2.25 -1.56 -0.23 1.26 1.38
0.25 0.46 1.16 0.21 0.34 0.18 0.32 0.39
0.33 1.27 0.6 0.13 0.36 0.47 0.14 -0.17
0.11 0.72 0.23 0.23 0.03 -0.08 0.08 0.07
-0.18 -0.28 0.37 0.12 0.15 -0.22 -0.2 -0.44
-0.47 -0.07 0.05 -0.36 -0.35 -0.43 -0.53 -0.7
-0.85 0.86 0.97 0.12 1.17 2.07 2.97 3.39
-0.32 -0.76 -0.76 0 -0.21 0.14 0.32 1.99
-0.1 0.27 0.26 -0.25 0.67 0.71 2.24 2.29
1.78 1.75 2.08 2.08 1.56 1.81 2.53 2.54
0.92 1.11 0.5 -0.77 -0.3 0.36 0.64 0.05
0.72 -0.25 0.98 0.21 -0.13 -0.74 -0.74 -0.68
0.39 0.3 0.38 -0.12 0.01 -0.47 -0.12 -1.01
-2.04 -1.1 -0.98 -1.14 -0.97 -1.62 -1.45 -1.28
0.07 0.35 -0.25 -0.16 -0.05 0.15 0.4 1
0.6 1.85 1.5 1.04 1.09 1.74 1.09 1.56
0.9 0.59 1.72 0.75 1.14 1.81 2.55 2.65
-1.56 -1.87 -0.31 1 1.49 2.65 2.53 2.24
0.73 0.34 0.68 0.12 0.24 -0.18 0.27 0.14
0.68 0.49 -0.32 -0.34 0.08 -0.25 -0.38 -0.11
0.15 1.88 0.47 0.58 0.69 0.62 0.65 1.69
1.81 1.6 1.95 3.47 2.9 3.86 3.59 3.27
-0.29 -0.33 -1.12 -1.79 -1.6 -1.6 -1.61 -1.83
2.22 2.22 2.13 0.66 1.15 0.65 0.41 1.31
-0.36 0.18 0.26 2.17 2.4 4.18 3.94 2.43
0.44 -0.14 -0.26 -0.7 0.31 1.1 2.89 2.82
-0.76 -0.2 -0.52 -0.24 0.28 2.04 2.17 3.07
-0.63 -0.29 -0.48 3.09 4.32 3.99 4.01 3.97
-1.36 -1.29 0.58 0.38 2.15 3.59 3.29 2.51
-2.07 -1.61 -2.06 -0.84 -0.93 0.62 1.47 2.13
1.34 1.17 0.78 0.48 0.51 -0.22 -0.34 -0.43
